s1 s2
4.858000625940437800e+00 2.826010372236161805e-01
6.240853570568134501e-01 5.184533703913760672e-01
-4.199086193585026272e-02 -1.871655705903019218e-02
8.677473334111797110e-01 1.849751335717681466e-01
1.639122625443113768e-01 8.987052401341786290e-01
6.927444396985170671e-01 2.028210743765225532e-01
-4.640081717380638016e-01 4.513203311826649577e-01
1.485411412694810807e+00 3.125609085004096288e-01
-1.075339569248093152e+00 6.259344467148728608e-01
-7.613972216362109302e-01 2.375340545040040552e-01
1.338192700089981590e+00 7.686692848587993732e-01
6.588747985308167632e-01 5.135539329166963762e-01
1.327894958767181222e-01 1.086240338000997285e+00
7.752279384159387332e-01 1.302297318408342175e+00
-4.821693390565675585e-01 7.351009924555964581e-01
3.155747289668815458e-01 1.107218706773340333e+00
2.513980609899888918e+00 8.428102734756528491e-01
-2.317265466283459308e+00 5.975135477333015643e-01
-3.855736745800739662e+00 7.764001763368195697e-01
-3.969603113007594275e-02 6.043149249104734499e-01
2.679337471443471230e+00 5.092937826987301575e-01
-2.409700290980901216e-01 6.574822350378497493e-01
-1.354071933102731107e+00 3.266716101392228011e-01
3.334684176112688636e+00 3.311631033423749759e-01
3.762315780683887501e-01 -5.910081138553356650e-02
-3.465488242817815312e+00 4.286424325725979312e-01
-4.742295744276601610e+00 -3.757252909406100239e-01
2.119962912494286922e+00 -1.234738500548953066e-01
-4.194094142533566938e+00 -2.315228630143634225e-02
2.688784791984885292e+00 2.523836460578138263e-02
-4.172999092842613500e+00 1.661542124245252161e-01
3.170799871419878624e+00 -7.210456726757218382e-01
-3.264042369296052293e+00 -3.200379901523783821e-01
-2.719829613002845203e+00 -4.030254309893213649e-01
2.214753453405298611e+00 -2.475795394154177709e-01
-2.665177038955116817e+00 -1.198129740861550552e+00
1.697635030926720079e+00 -1.378957381218195444e+00
2.097587965276403121e+00 -7.516989717888489242e-01
1.717810801713700875e-01 -4.253462438099558929e-01
1.347107125901594316e+00 -7.554101958086792967e-01
2.458399620999742297e+00 -1.064159463586805243e+00
-6.377830450362534931e-01 -1.521552220473691985e+00
-3.668659130511886524e-01 -2.522784118781449259e-01
3.038583895702738236e+00 -6.942596233138709216e-01
-1.453072144584528713e+00 -7.818489346148609354e-01
-2.803800430441461544e-01 -6.252514585539702408e-01
2.471127924516352270e-01 -5.522621153828525253e-01
1.693511451190773842e+00 1.612167993553360046e-01
-2.055861137093401680e+00 -2.346065680924128150e-01
1.032315699892536909e+00 3.376710018911450728e-01
2.186674577091667349e+00 1.983663625145784259e-01
1.968543174553067931e-01 3.303471297131184703e-01
3.233710266692226276e-01 4.838966511190254116e-01
-9.994049518336031168e-01 5.883973537571185464e-01
-4.224770577703435670e+00 7.077614215567074041e-01
6.600192699409511699e-01 3.372599719294429033e-01
-4.587039247246054163e-01 3.416652357678860441e-01
1.212896016660453435e+00 9.333015044695517348e-01
-1.338071746258183703e+00 2.072198259285784605e-02
-1.042710466071496089e+00 7.930958187541115034e-01
7.085569599546520658e-01 1.292405284737654814e+00
-5.444859587187870220e-01 7.993179748715791844e-01
-8.992698030180128199e-02 8.004265359233170285e-01
4.918456638859106667e-01 3.162391326650152990e-01
-1.044562326703984745e+00 1.307109426719067935e+00
-1.614139135872918684e+00 6.976609308004193544e-01
8.596581801306079074e-01 5.115595854611701965e-01
4.199012840484624753e+00 4.743130402380855704e-01
-2.691547316600817474e-01 4.761175904191286001e-01
1.880337424820535563e+00 3.294876609785659105e-01
-8.142269308655757376e-01 2.816802688442254787e-02
-3.411287723430953989e+00 1.328876681331139231e-01
1.314630632046670522e+00 5.009501613890070537e-01
-7.059553627851856694e-01 -2.666011950922783647e-02
-1.095830603419430060e+00 4.381848570058609615e-01
-8.008500621857316260e-01 -1.018689671183187345e-01
-1.642148057723217702e+00 -2.194839491082370975e-01
9.561336500319213005e-01 5.851041501999848515e-02
-2.439691847563971727e+00 -1.083988879444812703e-01
-2.725262134532731029e-01 -2.315584393382705275e-01
-1.002362940686590598e+00 -4.589841240838004044e-01
-2.383173604082764463e+00 -5.490156225565721027e-01
8.963555588602714064e-01 -3.941981795252383902e-01
4.970109941034329681e-01 -3.522741949601121414e-01
1.404182930525410988e+00 -3.072854489737241734e-01
1.818847225778272625e+00 -1.750699692875378743e-01
5.742686613960452657e-01 -7.646299610707130157e-01
-1.386157680211697052e+00 -8.346651690357431708e-01
1.614111710881839690e+00 -6.575446051661338887e-01
1.323424783924770143e+00 -1.168458912674970707e+00
-4.772065402576162740e-01 -8.305408095180182304e-01
-4.019961537402214624e+00 -1.548047316038932975e-01
-6.372434606918997435e-01 -7.714588692395942804e-01
-4.362891874144862459e-01 -3.300102971834582011e-01
-1.608354407178578693e+00 -4.738534521263977339e-01
2.913645631307821393e+00 -2.634711456887751657e-01
-1.185167274750403177e+00 -2.043608243580804507e-01
-7.363327184880470444e-01 -7.136850847737186143e-01
-3.176384166512019602e-01 -1.996501654019965932e-01
1.663001764719265418e+00 -4.582963379559326644e-01
8.159397831187625849e-01 2.928880459658327398e-02
9.761058240802013009e-01 -2.057154904844683829e-02
1.977428068693382057e-01 2.312772106503303560e-01
-1.287770302050195381e+00 2.862004122938501260e-01
-1.158062404524796474e+00 4.311030271440579598e-01
-1.387229247704375945e+00 3.679343889502150744e-01
3.895184055912339627e-01 3.426080198610688687e-01
2.146451631603553400e-01 9.629224168172432208e-01
-8.983226218176122713e-02 7.480563145901331090e-02
2.500045911054647796e+00 9.823946007227950528e-01
-2.919222131438205525e-01 2.989983036711641451e-01
1.048511975203681112e+00 2.650533376040549727e-01
-5.078520486208116802e-01 9.040102730390341401e-01
9.129770402258508000e-01 8.471430322834214710e-01
-2.839728349941871954e+00 3.497038311943064248e-01
-3.556463403677607715e+00 3.970907192303614885e-01
3.865921543252433867e+00 8.096291932144386028e-01
4.485701703265892348e+00 9.467362736663054168e-01
-2.148215968258638586e+00 7.439253646293366717e-01
2.782381423568085488e-01 4.566052752007030424e-01
-1.475550435767347235e+00 5.334986725106560801e-01
2.244702866203495351e+00 9.769383541754421696e-01
-1.888513977608193173e+00 3.962706935075496206e-01
1.665895011784500834e+00 -1.598114630387683088e-01
3.873511355018921520e-01 2.035182203862964945e-01
2.518973561966097452e-01 1.866409660376020224e-03
-1.762811912572349593e+00 -5.443732656994261232e-01
8.889958757140080658e-01 -7.543127189190135251e-01
-8.353284367274273203e-02 5.453424114922611476e-03
1.494131450133740158e+00 -8.816431342790158610e-01
-8.022506445098780414e-01 -1.306623439630195671e-01
-2.707629224646194821e+00 -1.150439525734183288e+00
-1.104836157548552800e+00 -3.498675370941637386e-01
9.910223838774788740e-01 -4.508636698700937973e-01
-1.999067471608695357e-01 -9.215802549108429442e-01
-3.121278439668476956e+00 -6.874583086673752286e-01
-9.001721407988649837e-01 -9.165841072320722871e-01
-9.811480479493805973e-01 -8.318591792760303694e-01
-1.319929781863654616e+00 -1.467323811539904543e+00
-2.007850099012667755e+00 -6.858742652582323629e-01
-2.856922985668248316e+00 -4.640924318365414192e-01
1.117117131977599875e+00 -7.561487774539321638e-01
2.274497344117627495e+00 -1.259208555692787890e+00
-7.784505681955403711e-01 -1.550135584070977957e-01
-2.455313147482440783e+00 -4.023879708710568215e-01
-6.784826265108874210e-01 -5.757117239314047952e-01
3.292317369739593769e+00 2.346242160902790030e-01
-1.573047320586126618e+00 -1.325269206046042481e-01
9.916228070835970687e-01 1.600716677737122895e-01
5.025629999870525610e-01 3.564457109833275850e-02
3.940345690444976290e-01 3.209226613296478625e-02
-2.663443633797238252e+00 4.383158438609260910e-02
9.626465540487574302e-01 -1.066081236409280042e-01
-1.774787253289403566e+00 1.826318012897466814e-01
2.309488597452589165e+00 4.780013624009999962e-01
-2.051100448107041618e-01 4.399856116050094301e-01
-2.721824188923505083e-01 8.181184303540051106e-01
-3.637815605842945749e-02 9.538589161097346114e-01
-1.071676648185869718e+00 1.150591576212852907e+00
-2.185512822458741955e-01 3.513223748427191651e-01
-1.687277641972648512e+00 7.322819201257967370e-01
9.295202104186988112e-01 5.895984265333823471e-01
-7.933722128160399789e-01 5.983196999063947752e-01
1.180869453530799085e+00 7.600540497713560439e-01
2.285615456885002672e+00 9.616928887839095719e-01
-1.350122012127952464e+00 5.227922650390391945e-01
-1.739819341504955652e+00 5.138031717636716289e-01
-7.507131271717250309e-02 2.259918250348821323e-01
-2.945232650734784574e+00 6.881599714260280276e-01
-2.163382434646408559e+00 9.492899373375790484e-02
-2.429155590649831442e+00 3.440813842732285410e-01
-2.896162818228799729e+00 6.070785840873276218e-01
-2.181252808565885992e+00 1.532758396315680449e-01
1.916190115994543364e+00 -2.207901567502184581e-01
7.802607916468054516e-02 3.896784015973759896e-01
-6.881722464885434154e-02 4.337194971681885836e-01
-1.835129414875338760e+00 -1.757098971566485868e-01
1.105467172044349855e+00 4.003537705080568720e-01
-6.636795277563857509e-02 -2.819258830466118693e-01
1.249628113860236311e+00 -6.012871039466332057e-01
7.491166403383641148e-01 -3.539855784375409153e-01
-1.248563857584180647e+00 -7.537927478142032456e-01
2.930592983458644607e+00 -1.078477976381852166e+00
-1.343663777434603412e+00 -9.266559698895204811e-01
-2.237955483267269230e+00 -7.623692443876930458e-01
4.971990754077283192e+00 -1.365469864841842185e+00
5.612317929065274019e-02 -5.687639879858856773e-01
3.094668131803079092e+00 -8.258458615528467828e-01
-1.529585264090007390e+00 -7.565696454134603899e-01
-2.274905810256499183e+00 -7.988409103507018161e-01
1.108276080522963225e+00 -6.481208424286205583e-01
-1.819668690427584057e+00 -5.995473135892624983e-01
-8.665624566832167419e-01 -1.296214016794028367e-02
6.615665568721285084e-01 -7.642990618580344231e-01
6.365545820229992380e+00 -5.432804247703801881e-01
1.857654251391885225e+00 -4.808131843515875969e-01
-5.489983165420376787e-01 3.061089578092074381e-02
3.401261686407091922e+00 -1.285316956975654401e+00
-2.327803806969472866e+00 -6.559593363044897707e-01
4.349361930920765673e-02 -4.051127690241907997e-01
-4.604718351640005869e-01 2.187589678396262630e-02
-2.900763528841644678e+00 1.270722409735586811e-01
-1.194232892846154304e+00 -1.259309270570589390e-01
2.659672921673940760e+00 4.600685575790681159e-01
2.933254277216470474e-01 6.012210512071292090e-03
-4.459304066549927281e-01 4.007221639060564167e-01
-8.546825490044829277e-01 3.359841121056190705e-01
-1.198985330668130400e+00 3.940275588171250343e-01
3.645977880590310360e-01 6.455254461608567196e-01
2.757949582559109380e-01 8.357819078570718485e-01
9.236203732422217927e-01 1.048805993402996961e+00
2.146949945287852213e+00 8.474227830177345488e-01
1.014324384064081874e+00 1.186855225939867253e+00
1.904078823093040773e+00 8.921251138244787882e-01
-1.069273000450267075e+00 3.811472473222058399e-01
-1.535945143492553289e+00 9.683235191403947173e-01
-1.165864784623680261e+00 6.600652528909303207e-01
1.693377534474038715e+00 7.954736285029309073e-01
6.443745657798147786e-01 7.743573888207251343e-01
1.717772529609481680e+00 5.422627824578908351e-01
2.896054245992980003e-01 2.488705225595392034e-01
-2.961083687491806504e+00 3.379027818025648888e-01
1.563625341594059748e+00 -1.948995607849358658e-01
-2.777597252448398280e+00 1.031691430232184736e-01
-7.443400046763131161e-01 3.591120989379849582e-01
-5.810855006440045489e-01 -2.001524412882426107e-01
8.337028759079073703e-01 4.805490058791503372e-02
-1.732215048543335814e-02 -2.761858252749421205e-01
-6.341396256270463994e-01 -7.438676885995035848e-01
1.566409805985810033e+00 -4.542746378347913838e-01
4.511470098308902887e-01 -6.665845304771200741e-01
-1.151717036849135622e+00 -8.614184384432586050e-01
-1.232992643587499826e+00 -4.678306676208028314e-01
-1.160641620130813262e-01 -4.983545096902222693e-01
2.107001335341910142e+00 -4.559625397214005504e-01
-9.358771361515427767e-01 1.808231513548115288e-01
-5.935080035724200620e-01 -7.241992019950823645e-01
1.037999148797162485e+00 -1.167566586931547024e+00
2.483044246610757178e+00 -5.777340426875093859e-01
-1.443281849785896132e+00 -5.041300186662371896e-01
-1.513005400953446378e+00 -7.177300250308263907e-01
1.238711428837783624e+00 -2.460162171861259295e-01
2.781547025044770027e+00 -9.025537678383683815e-01
2.237977939504647740e+00 -1.054487989392932867e+00
-1.384183843440870976e-01 -4.425064615247546462e-01
1.318629630283283394e+00 9.937143597923048244e-02
-2.436245238475630792e+00 -2.602157433540114306e-01
1.527033121174119934e+00 -8.227439714484312550e-01
4.260525673466000640e+00 -2.403874052203329170e-01
1.113549467720459818e+00 1.362916437637631817e-01
-3.172941437755462668e-01 4.097651706137814265e-01
2.166757149601343357e+00 -4.622921140288934749e-01
-1.590644318568257054e+00 7.775016648485293391e-01
2.963611477914320336e+00 3.599115812300340833e-01
-1.777862776379486531e+00 1.286711472150245672e-01
6.648340039098424858e-01 8.016866984255316408e-02
2.313341531980920518e+00 2.017399481831702035e-01
1.596149428140201554e+00 8.152818308013511928e-01
3.890564721082733879e+00 7.306398468802328683e-01
-1.927350800661447594e-01 3.118223284281871899e-01
1.288533496362368469e+00 8.260439701497667153e-01
1.352953681767304239e+00 8.381527116019353851e-01
-2.504799482691740575e+00 9.252727857573453951e-01
3.155278805971971079e-01 1.183999966414332139e+00
7.194544742674182647e-01 9.696289948575710360e-01
1.655669210174506523e+00 4.392035682222088511e-01
2.861441140025438035e+00 6.365628393964618548e-01
-2.289807432783933283e+00 4.984280252213139639e-01
-1.554083724669585997e+00 2.779134548744777722e-01
4.246758879458752745e+00 5.169677557776359844e-01
2.055756991838944003e+00 6.599814938001249409e-01
6.988602616629511211e-01 1.851926841957158010e-01
-1.613551460115687508e+00 1.858723006875341310e-01
1.193056929751001027e-01 3.105120692945285699e-01
2.045886013744338428e+00 2.587605564523648982e-01
-4.695609014042606555e-01 2.844662046655270851e-02
-2.471105301231478535e+00 2.606023485343516022e-01
4.001100597813870507e+00 -1.671881395695015704e-01
2.289881083635152415e+00 -6.644865483462798483e-01
3.298008069722161650e+00 -3.760722437064810686e-01
-2.764223564970966329e+00 -8.060599898584830392e-01
3.038844895571731208e-01 -7.316896684856913913e-01
5.141657511915095347e-01 -7.965431766566601901e-01
2.575711778282928077e-01 -3.804760547655124947e-01
-3.852818307968709499e-01 -9.864956350603599766e-01
6.248265265982178018e-01 -1.052405464107482702e+00
1.999984086462625710e+00 -6.838424514082727113e-01
-1.889917981528019819e+00 -8.865292445443196945e-01
2.357932424289481688e+00 -7.146414241298485459e-01
7.192417322080862929e-01 -8.963419591572184819e-01
-2.092886265994091222e+00 2.707575582931470715e-01
-1.663981671643333993e+00 -4.315836324096649079e-01
-3.225865247764557964e+00 -5.879246249096652388e-01
9.124346715783213657e-01 -2.954647225095769492e-01
4.740270636596443765e+00 -4.872841381087901769e-01
3.371538559249432354e-01 -4.318640167683056030e-01
-4.402707651470143979e+00 1.576503988785927790e-01
5.608992289434955314e-01 3.590511443899468969e-02
-1.357836452670993399e+00 1.063508952710299493e-01
-1.776786459466010992e+00 -6.498492470623689066e-01
5.906265824367318285e-01 1.045705428814066584e-01
1.161974296724845646e+00 2.292390659546179044e-01
-1.785544157284129518e+00 -3.481610366913720500e-02
3.017912257047997926e+00 2.708936859151829246e-01
-9.265531850898439670e-01 1.836190489784046698e-01
1.840842604589326026e+00 5.583668933807816037e-01
-2.627842377919197503e+00 8.754652986428406169e-01
-3.344440264140580155e+00 6.521673021521917635e-01
2.357623465946377950e-01 8.077246186325139909e-01
1.924207671567395028e+00 2.535093453275574227e-01
7.136580214005752154e-01 9.310117199848528813e-01
1.222737734610720883e+00 5.192119775697783268e-01
-7.318224095715564204e-01 8.813490763653060167e-01
6.341953936997289931e-01 4.503051593799959340e-01
7.041129898047637781e-02 6.176038461290085380e-01
5.863267671980008089e-01 -1.457569571041408274e-01
2.175916041272155432e+00 2.895724663983478830e-01
3.643113411572840299e+00 6.125615416596040808e-01
-1.226089340836298502e+00 4.440960096094873077e-01
-2.680163006188837294e+00 2.817501071525142509e-01
-1.116927558643079355e+00 7.444795062552562737e-01
1.044455335582251010e+00 4.104655176033502606e-01
-1.016046614590867092e+00 3.093058777600747877e-01
8.168028192588963066e-01 -2.636235514728797469e-01
-2.882635754182707455e+00 -2.143264500734382016e-01
1.269493407452699563e+00 2.947469763180484148e-01
-2.295328115541761083e+00 -2.242037349132116608e-01
-3.313709229687944902e+00 -1.912231846265926016e-01
-2.435665378176694151e+00 1.800848466663497738e-01
2.359948039059406977e+00 -5.351063046593598216e-01
4.148464166556994348e-01 -5.153478218361546848e-01
4.772061822464901404e-01 -7.201730806258546114e-01
4.399346476606841860e-01 -5.265008593411839577e-01
7.647375079085226846e-01 -1.059041617927327650e+00
2.002201833246351814e+00 -1.168502255319986194e+00
6.939828172555365104e-02 -6.547529440563409908e-01
-1.421399838049236086e+00 -6.499522554341540248e-01
-2.058319479622725545e+00 -1.490578738294612293e-05
2.390575402867478327e-01 -5.479853389584905532e-01
-3.246465591990534527e+00 -5.395916311483621719e-01
-9.311152844875812962e-01 -3.234975437460830272e-01
-2.839198588736668305e-01 -7.032309914792120864e-01
2.241373879517693624e+00 -2.563576719699308115e-01
-9.436398774834446890e-01 -8.930584019747822566e-02
6.797300965845372023e-01 9.623248192979444449e-02
-1.254795123044831762e+00 -4.057760205792346753e-01
1.744593440091853909e-01 -1.132990748466513042e-01
1.138811288751720552e+00 -1.576069933424728287e-01
1.563411315667186052e+00 -4.071925572292218742e-01
-1.333410839248814650e+00 1.638776037193589441e-01
-3.063657053880524561e+00 -3.722928601148941530e-01
2.288838722422708027e-01 -5.249442508555930698e-02
1.541427181686646719e+00 8.939454896811806217e-02
-1.087874294287850541e+00 6.825715446431510625e-01
1.654664932738221017e+00 1.263372363585146818e-03
-3.235899498454188006e+00 -4.008852732384921014e-02
1.684006079187620575e+00 4.321773516921382785e-01
1.841996120378982971e+00 -1.336858848764294061e-01
1.062379931580106768e-01 4.319873886145638719e-01
-5.340374125122951954e-01 6.001041504893687151e-01
-1.720179201133437363e+00 4.324796705841443267e-01
1.960646212767557905e+00 8.162347346510270274e-01
-1.413382889867539349e+00 -6.899045025404870746e-02
7.324354912786512628e-01 6.668675407531930999e-01
3.495353780904815633e+00 9.559112924042786341e-01
6.388809421632135090e-03 1.102670321329979553e+00
-9.211663575285379268e-01 3.699414928174903361e-01
1.457463403804953872e+00 2.896712374347011898e-01
-4.183552718096827938e-01 4.929214000983415112e-01
1.599704466359124000e+00 1.119798443856874215e-01
-2.466888008032822821e+00 4.609105742719705745e-01
1.478418415290535082e+00 4.124224942670143834e-01
-4.090443861268126646e+00 1.682108218742743022e-01
7.920545922753570167e-01 1.735986246037235781e-01
5.656309228817072571e-02 -1.607583227345470711e-01
1.865309124634418225e+00 3.131777118531159920e-01
1.897729086246541019e+00 2.265232210485768061e-02
-2.143817739855042426e+00 -2.058379664455127211e-01
-4.258016314887941967e+00 -3.964647455216108174e-01
-2.293520404516528333e-01 -6.011692055634263454e-01
2.583260164034244522e+00 -2.845132477540103233e-01
1.765812825746777115e+00 -3.126382999976726751e-01
-2.684624970332413763e-01 -1.222178822605542559e+00
2.381830481129540100e+00 -7.041600307070678966e-01
-8.244655933686134697e-01 -6.766841773173989383e-01
-1.936101327057094368e+00 -9.589791631172035480e-01
8.876035872273655425e-01 -5.799082535900347279e-01
1.495191677349720472e+00 -8.459984028131102285e-01
-1.471107280340190560e+00 -7.510339511298911308e-01
7.272015847705109337e+00 -1.156629862732584391e+00
5.584260488147627655e-01 -1.202281335870406309e+00
1.525901992886453895e+00 -5.730163823592626660e-01
1.717516621688612632e+00 -3.419842229081444529e-01
5.091317950051515995e-01 -4.616954581888967901e-01
8.234158966645738209e-01 -3.611920637079314433e-01
8.834781726520487544e-01 -2.885385164175457984e-01
1.536480792876406376e+00 5.359862303779068249e-01
1.270497389582642966e-01 -4.389033765752242688e-01
-3.528089810442029517e+00 -2.038172846221317225e-01
1.893005537774177904e+00 5.842010004682445246e-01
1.861889863354286190e+00 5.939683335341900960e-01
-8.306551180975912940e-01 -3.334626541673223199e-02
-2.971948183025560297e+00 -4.909264427254619867e-02
-6.730142952191794370e-01 6.665634648891821668e-02
3.656823850075467064e+00 2.945057140999931544e-01
1.236149007073608752e+00 1.120087607053364964e-01
-5.292714813334535862e-01 3.636131207309035718e-01
4.315939100252126348e-01 3.368245651350252889e-01
-3.575754764563262023e-01 1.866826075829963183e-01
-3.178867302609524437e+00 4.679593809333322252e-01
-1.208139462837327649e-01 1.139279222897085386e+00
-8.584093468903950530e-01 2.893903478026421117e-01
2.490306183052730216e+00 7.134171706082417241e-01
-9.691392826999627452e-01 4.754557374881602239e-01
-3.435387602577773869e+00 7.962454547775357216e-01
1.430320178294178235e-01 7.317127995624913561e-01
-2.824708743458104188e+00 7.563144996897839256e-01
-1.296987476857732968e+00 4.334235010286117129e-01
5.600633804488605039e-01 3.742735134050914070e-01
1.521975791161384262e+00 6.308031552728451397e-01
4.187755630373692028e+00 5.866969969437769716e-01
-2.559500635917044686e+00 2.536287502267161043e-01
-6.350571551079849456e-03 3.829295806003712443e-01
-4.640900364627551511e+00 -9.145041039741069744e-02
2.144847308423300181e+00 6.461778045027026796e-01
-1.467896581419104729e+00 2.840442452737778067e-01
-2.523007624730152720e+00 3.810100389622632366e-02
-9.211376076168213967e-01 -2.714563133230095127e-01
-7.866049452777759132e-01 -1.000077738575116393e-01
-9.920435802068368336e-02 -8.613844915112640610e-01
6.145274346769734608e-01 -1.426021464636606506e-03
-5.966468361808129756e-02 5.443429409714373168e-02
5.157936500495653442e-01 -5.768714668993587535e-01
1.160656603365424200e-01 -1.443376008978782266e-01
1.242119499860987020e+00 -1.003742965021201972e+00
-1.376322089759536071e+00 -5.431521064528895826e-01
-1.043653708414442161e+00 -2.741931954645447367e-01
-5.927949502583425012e-01 -2.468318774352461498e-01
-2.698497032868564460e+00 -1.051594476235145237e+00
7.737855357470321271e-01 -8.956232896717785108e-01
-1.857046980128951308e-01 -7.550344964570903095e-01
-1.800580006832804614e+00 -5.509448290669418657e-01
-1.772971155569804891e+00 -6.405700238303618788e-01
4.096458115142787015e-01 -6.151360496983604431e-01
1.284671129861105321e+00 -5.786118109351519045e-01
2.032378459713970464e+00 -1.405880802873624158e-01
-4.893586884353076094e+00 -5.972988614652674499e-03
-3.970324092312336184e+00 -3.027677870989721742e-01
-6.227910900216378387e+00 -2.608170882788516942e-01
1.635685270861247487e+00 1.191715311513916742e-01
-7.727393494851469979e-01 -1.661809113628205103e-01
2.011243514302069713e+00 7.264589739633366128e-02
1.508171496779544540e+00 1.854584296176973179e-01
-7.548391697479893692e-01 6.235189729798914504e-01
3.590035439920383209e-01 2.004076743228529189e-01
-3.345981372628018757e+00 3.983240970596010344e-01
2.065460159288524444e+00 6.250123751982487041e-01
-1.789223662829514616e+00 2.828147352126125225e-01
-2.499067405055471980e+00 8.323452429435755917e-01
7.350997997796461514e-02 5.252080611941003507e-01
5.741502190322647081e-01 1.696979491358131531e-01
3.199952091192573289e-01 8.230684064932827226e-01
-1.617767903026799958e-01 9.587395952327368853e-01
-1.027708417338487168e+00 8.078465999530896058e-01
6.605492557621121807e-02 9.591996355197064394e-01
2.333620802323847165e+00 7.915567349756176263e-01
2.033668440846943426e+00 8.492297026119725034e-01
-3.218793038748774649e+00 5.826386222962161021e-01
-1.316898582047792754e+00 5.665077535630087535e-01
-7.659897922221075017e-01 1.255428376744656127e-01
6.062325962730831241e-01 7.128048979731709256e-01
-8.730110313171420000e-02 4.132640921361030450e-01
1.682091860765781099e+00 1.174917418509245914e-01
5.323322757426424801e+00 1.863618321498856367e-01
-6.237778716474174923e-01 -1.733670239210467201e-01
-1.506778265372112013e+00 -4.633968407409588819e-01
-1.052760468544715611e+00 2.151899544694197974e-01
-1.914887443916960308e+00 -3.150901443110282196e-02
1.925055222027286295e+00 -4.648628442269718830e-01
-2.760566597922864851e+00 -3.426996830683931572e-02
-3.000281754202017703e-01 -9.950727625844302260e-01
-1.637207005332634413e+00 -6.915842435254252463e-01
-3.926411942635150698e+00 -7.382778953341373462e-02
1.392845426935685804e+00 -8.347056442548816957e-01
-2.839252676124602304e-01 -1.159518740629607692e+00
2.113740938804870240e+00 -1.263968303092897205e+00
-2.028407703532033146e+00 -1.180067184674900016e+00
7.558021424042257186e-01 -2.780969886856949902e-01
-2.668269844074764308e+00 -7.032557617282876317e-01
1.865100793562765480e+00 -3.614503672685844826e-01
2.055292722807134265e+00 -5.475607799099300177e-01
-1.117369070028866762e+00 -8.429336746806912473e-01
-2.858618992368490819e+00 -7.404759199295058991e-01
-2.693292672481774619e-01 -7.760196037019497783e-01
4.304357381615355749e+00 -7.011799551000614805e-01
-1.433616613933553108e+00 -8.094597139780662642e-01
2.109277783885881927e-02 -7.476125782862870217e-01
6.908696923687704938e+00 7.630643875711462520e-02
1.363497094080115435e+00 -5.177589178459021668e-02
1.895520422422445783e+00 5.614651105596717429e-01
-1.202188432837911991e+00 -1.392403503295273903e-02
3.196565061682202558e+00 -1.281462892438929579e-02
9.572209074737932089e-02 5.451212785954180629e-02
-1.198587829454081044e+00 -2.919561410028337356e-02
1.752689957873404536e+00 2.993868424759324465e-01
2.317526091924682952e+00 4.068372687267227117e-01
1.883697573402687730e+00 4.261785054957215046e-01
-2.738481937153387946e+00 5.969634120423175094e-01
-1.845352395827237313e+00 5.193929155287974053e-01
-1.571758869488465660e+00 1.198777617034955112e-01
4.728001312383716126e-01 3.187661328930901927e-02
-2.631223143016300448e+00 6.512658623793665669e-01
4.904091722760351990e-01 5.373573147940077233e-01
-1.858040175077775746e+00 5.586830760658799688e-01
-9.377216860727474179e-01 1.854206785238600164e-01
1.369206296018796731e-01 7.038756916534076868e-01
6.655731215029566661e-01 7.442995507535458133e-01
-2.286394486090996825e+00 3.720874526638118240e-01
-5.128227657618436020e-01 7.485741229136469999e-01
1.763541899354377440e+00 2.256676677904900230e-01
1.694180700547481544e-01 7.459171930432846320e-01
1.136723030213832031e+00 2.997877566571479080e-01
-5.574273220467024226e-01 -1.340151315400484044e-02
4.335408550914801928e+00 1.998088770288874438e-01
9.178395942618955416e-01 -2.384407022566446543e-01
8.430781500590227573e-01 7.069265224424315860e-03
3.720542729031146023e-01 -5.669848594871089720e-01
-9.692839548488763057e-01 6.579279520563799388e-02
8.256803932053334849e-01 -3.023180307686884061e-01
-3.496117754587455995e+00 -4.590620126594871508e-01
3.095685129749904618e+00 -5.668336223690286779e-01
-1.199119415469235728e+00 -6.722403644570906778e-01
-3.223605814573486938e-01 -4.738081456692305737e-01
-1.043356205760942679e+00 -4.625950055698113683e-01
-2.963043686212032402e+00 -9.633836894146027285e-01
2.098626862858090192e+00 -9.231243003739380004e-01
-2.851999077281442307e+00 -8.650388619410479540e-01
-3.785811741824219867e-01 -1.014475298510544743e+00
2.559790266849298224e+00 -2.379897283356773308e-01
-1.919454061172734427e+00 -5.356421179263017862e-01
-1.223757677265874921e+00 -7.602517391268245328e-01
3.001012150042002613e+00 -3.492180959859929601e-01
-5.155585383980200165e-01 -7.311772431252415716e-01
-1.033315513614712966e+00 -6.049449367761193797e-01
-2.869062694521881118e-01 -3.934506713068011141e-01
-1.218432326426741596e+00 -3.612728004289630368e-01
-1.526636815663104108e-01 -1.017991322638114593e-01
-2.646915232563060272e+00 -4.056322931347368099e-01
-2.812806416091591100e+00 -3.487822544988544715e-02
2.630669461195624059e+00 7.528676258344028094e-01
-1.969979879481533747e+00 4.095377020784642941e-01
2.521364280458096019e+00 -4.490212419156324741e-01
1.009904081577252422e+00 8.232521414841716123e-02
-1.997595153157404546e+00 1.979230425748051969e-02
-2.498160397636937535e+00 4.214792619329884582e-01
-8.432548391431767820e-01 3.727490510791431899e-01
2.763365591356900186e+00 4.312615311212781299e-01
-2.543959625500673116e+00 7.577907018365606096e-01
5.312289108500662937e-01 9.668903364294821889e-01
-1.989481654920882692e+00 7.469247147982224222e-01
9.873015911251720178e-01 3.683449142604272586e-01
-1.994318206772191626e+00 7.156278044873075617e-01
1.872918775094615906e+00 8.362442006967549801e-01
2.701645144984195834e+00 8.014992966641598660e-01
1.606869633262075325e+00 7.989107137269876313e-01
1.923467115250463655e+00 1.226080669293976744e+00
8.344992788214552482e-01 1.245148668832813055e+00
1.498627847572686189e+00 7.784924678797420228e-01
2.073070404971324443e+00 8.218235407529379533e-01
-1.266680108461738730e+00 6.291763349994757837e-01
2.692412546410084317e+00 6.306170021466490638e-01
-7.820949436086268580e-01 7.636984204083556715e-01
-4.756826853465741245e-02 7.183257331640853227e-01
1.955971517401464688e+00 9.107859005846451195e-02
1.823301395502943567e+00 6.375611345330128854e-03
3.733249138576008042e-01 2.259902719166604623e-01
-1.203713706974587350e+00 -1.638133958170635285e-01
-1.861967909152255407e+00 -6.028404942998353278e-01
2.606855332188159124e+00 -2.920987141087379446e-01
-1.492108661776624157e+00 -5.470049232404980977e-01
-2.624732848745507052e+00 -3.611361450751378044e-01
-1.264396820835937962e+00 -1.747849972152421549e-01
9.533181705461242217e-01 -7.064428062134957553e-01
2.412909162060164370e+00 -6.530710194227613563e-01
3.995897674427054902e+00 -6.936075742331365701e-01
2.241173473578046416e+00 -7.336383392657177538e-01
-1.826006463821819192e+00 -7.980504070497119740e-01
-1.828610640467992043e+00 -1.033510990326575119e+00
2.797194870644147402e-01 -8.432240111093391999e-01
-3.881419952120511940e+00 -4.193306972021078605e-01
4.119764986811659924e+00 -3.592945716485570484e-01
4.660090783747742882e-01 -3.843979216118100228e-01
3.329295256807409675e+00 -1.145328774066373345e+00
3.402469670257060930e+00 -4.309157759737980431e-01
1.427474383343833475e+00 1.304766526653680092e-01
3.890344217910227886e+00 1.247312507383301905e-01
-5.454876332338023381e-01 -2.757710864017887120e-01
-1.731658149527657731e+00 -3.146450221009947645e-01
8.207113965544289291e-01 -2.993047142907512836e-01
1.235968512003133624e+00 9.951134767587820062e-02
-3.231726116845831109e-01 -1.367550576795301676e-01
-3.496621924348871424e+00 2.641829138720381831e-01
-2.088710468906579187e+00 2.939029959624708255e-01
-3.611112747373093956e+00 5.504800344642655219e-01
-3.119618955512555303e+00 7.660726933173189757e-01
-1.642197277687450940e+00 1.908822257216916674e-01
1.656868527224672150e+00 2.627550469681615430e-01
7.694950129498688840e-01 8.621842585696439798e-01
-2.665491645184427938e-01 9.997163490044014278e-01
7.474834904690332016e-02 9.369135877711451954e-01
5.939110183791968645e+00 1.013948225997550967e+00
2.785688107323817594e-02 2.363628165864166131e-01
8.531213302565534562e-01 4.591518634328273230e-01
3.444060485607476352e-01 8.218176299188589828e-01
-2.190694879700777697e+00 8.817858383578155435e-01
-4.414133273748616082e-01 9.767207580104002584e-01
1.121008722347121012e+00 1.347661806195010747e+00
9.598071069686775481e-01 4.592237340140905011e-01
4.106480817198149502e+00 6.017168240593493422e-01
7.635756575998078333e-01 5.298706758042036613e-01
1.342370700463402011e+00 6.644091096142443753e-01
-2.083243694840778204e+00 3.030216135109727316e-01
-4.611270039201604831e+00 2.647069412845363678e-01
9.613405253554377916e-01 -8.603696092643434157e-02
-3.568947918280681808e+00 3.110021950386280265e-01
-1.395065998161277410e+00 -2.434016014123064620e-01
1.250827287136103250e+00 -7.254292384289472151e-02
4.215822744884981654e-01 1.969643272986367488e-01
1.648918900080633687e+00 -3.342573683320848033e-01
-2.583355945731929948e-01 -3.139543635406732425e-01
-1.048220503746938093e+00 -5.339462420221497974e-01
-4.240933251734099407e+00 -5.911585598098865191e-01
-1.575771748782036852e+00 -3.787264607481216627e-01
1.866521458719546389e-01 -3.030895261169562760e-01
-1.890869915699377124e+00 -2.856617481496617761e-01
3.864930909213368349e+00 -3.587323022903447511e-01
-1.474268652928438506e-01 -3.185756593511858692e-01
-5.762704951002411979e-01 -1.156738720471014226e+00
-5.874664903909797564e-01 -8.530102590954301567e-01
2.927164557396177980e+00 -7.807371719860026760e-01
-1.843964065309184219e+00 -2.787998651679773343e-01
2.477389485905816091e+00 -8.671405922102407571e-01
-6.362801271241580459e-01 -5.471324828676846774e-01
2.896641548090400864e+00 -1.789448783608016402e-02
2.051238224142044153e+00 -1.658156896375188594e-01
6.773865173203741374e-01 -2.583141551654368762e-01
-2.905797099533173888e+00 -3.655557477484057682e-01
-4.165817559889574362e+00 8.946136266773863088e-02
-5.144897383400557356e-01 2.348653501695338874e-01
1.353844964619065561e+00 -7.896470743658530467e-02
-1.046334324282977679e+00 4.060657781555513379e-01
-6.850184697786322330e-01 1.603553040392341478e-01
-2.186863915480594667e+00 3.736047659333013859e-01
1.237387228388363347e+00 2.761143233726513491e-01
-1.266059090123254460e+00 9.006373402302970677e-01
-3.211670878686579744e+00 4.696522119913958404e-01
2.921024310721107575e+00 4.235499039045232950e-01
9.940337692351831622e-01 5.393247935291450856e-01
-1.793510938105325137e+00 5.128602773852830587e-01
1.500151621277069802e+00 6.964767365086491635e-01
-1.880794691905200766e+00 1.361489273188995597e+00
1.821986460701275234e+00 1.399696873770611028e+00
9.372878246467177821e-01 6.789037512526626683e-01
-1.594311196839480527e+00 6.223563859262091214e-01
3.253505388196426540e-01 5.312665650353521896e-01
-2.744065611668661475e+00 1.962260800240786529e-01
-9.584908190870233824e-01 5.688057109620267005e-01
-7.313082544213477254e-01 5.186110570981699031e-01
5.323216814569116551e+00 9.389648108926402781e-01
2.076204020634342839e+00 6.278943494888894472e-01
1.154250634945482190e+00 8.333110431217392033e-01
-6.543378095264701377e-01 1.274059299059324690e-01
1.265838672841328227e+00 -2.730559576232864383e-01
1.271043948287417402e+00 2.454221140540060464e-01
-8.632002470946603667e-01 -2.318455747224481001e-01
2.965262932609263657e+00 -2.661114578084874949e-01
-2.524955300862809171e+00 -2.006557101752298733e-02
3.191610260355699502e+00 -5.077556794092497050e-04
9.623716536969337820e-01 -6.705868650454849256e-01
1.869998706530404009e+00 2.212522636318363656e-01
1.119450304214543612e+00 7.920785966513965715e-03
2.136198906132824038e-01 -8.187166259233223942e-01
-1.614023990042846579e+00 -2.550673391166167758e-01
-2.391779303917532129e+00 -3.509294226252100968e-01
2.010494098782460437e+00 -6.267432736482085875e-01
2.515517429046345566e+00 -6.393745701003351600e-01
9.061977796103591609e-02 -6.334889303268707028e-01
2.451985369088011346e+00 -8.407140669394791432e-01
-1.337546342944749389e+00 -8.977272173873096506e-01
1.832184443805404239e+00 -6.446888732309159487e-01
6.097257386340066976e-01 -1.020013687804423030e+00
2.017303857140259726e+00 -6.898778721080683907e-01
3.514887397144282222e+00 -7.037565711813478231e-01
-1.734271056969376890e+00 -7.346368922559534109e-01
-6.428399386364572754e-01 -3.047279705640019154e-01
8.260354664571103456e-01 -3.956103203876411567e-01
6.276263919278517456e-01 -3.024117481538453056e-01
-1.811973879606666893e+00 1.312055438987971279e-01
-3.610726921568297582e-02 -3.926610239679185210e-01
-7.980988032421254541e-01 2.555852065844269050e-01
-4.533474761799958230e+00 1.981402032859525542e-01
-1.079239389203968003e+00 3.489535550508795353e-02
-4.161454070067652222e-01 3.242150757279539386e-01
1.814518246108248190e-01 4.570162064494601162e-02
-2.815793666577837584e+00 4.822102682934191753e-01
1.134863809201430707e+00 6.902761896275827480e-01
1.921148780523309840e+00 5.937868442686191628e-01
-2.065719850126868540e+00 8.029150129944206959e-01
-6.966964569673799179e-01 2.512704972555413474e-01
-1.655712059766298594e-01 7.732419200664986114e-01
2.936512651903412596e+00 5.343118137746584173e-01
-5.014314309012542215e-02 5.768862255358515601e-01
-5.956596550124153566e-01 6.972705836924124601e-01
7.579049969029297840e-01 6.901130263977941492e-01
1.664155649351799215e-02 8.836639701081154818e-01
-3.725316826386712021e-01 3.884477210752954601e-01
1.482433319883215139e+00 7.719717212850788490e-01
-1.797032253653929823e+00 2.201869434665988390e-01
-2.332788356525978823e+00 8.526844496673036122e-01
-6.439953882609888991e-01 2.275626910491664323e-01
-2.239106649688922257e+00 7.297803352454068637e-01
2.373199012348143899e-01 5.118843351565429689e-01
-1.575059491452295068e+00 -1.343802766936474935e-02
1.200648007983041943e+00 2.808103792648880548e-02
-1.437429699937841310e+00 5.456412358047040695e-02
3.004318659454889406e+00 -1.434659454598361250e-01
1.875794867964039492e+00 -1.712737785815478531e-01
-3.351609524711275157e+00 3.405481267085800345e-01
2.454399160831072457e+00 -3.917240244703071306e-01
-1.915241260645561994e+00 -5.947615985846644859e-01
-2.172693382706767096e-01 -5.310072840550578155e-01
-8.455689629413795094e-01 -4.072791696480972945e-01
1.806499796678054048e+00 -6.517970453840810086e-01
3.904769807318381414e+00 4.747591909489989881e-02
-1.128747648619969901e+00 -6.646700910775121818e-01
-8.751116871478623604e-01 -3.996835642809885014e-01
6.549113641868313795e-01 -3.402036102618605784e-01
2.313226510200591335e+00 -4.090985987543016567e-02
3.636480974491324236e+00 -1.114705721179472420e+00
-3.139626940556698997e+00 -6.349110961244813778e-01
2.263748303204931478e+00 -3.805037145066732518e-01
2.738904133789894058e+00 -8.229397878087664209e-01
8.996030976151390135e-01 -9.264407909799192709e-01
-3.886073801340786948e-01 -6.620951011757821858e-01
-9.371839851354699658e-01 -2.993693902895183667e-01
1.082817500098678609e+00 -7.204225445918521764e-01
2.592858801685408388e+00 -8.169112763356261020e-01
8.929862178816042606e-01 -1.896108131919334028e-01
4.560966032213909505e-01 -7.534749004988917642e-01
-1.919936832712366259e+00 -2.516987326684799742e-01
-3.413136119454317718e+00 -5.698879147697440972e-01
2.852917179935623881e+00 4.696537219861871559e-01
-3.006534665238856929e-01 2.911569443366605059e-01
6.048680698371903253e-01 5.466958997074786719e-01
3.157853401193119414e+00 2.019091861190343840e-01
-1.054204577367643836e+00 4.704800195249134731e-01
-3.501010659559508631e-01 2.255501645757198581e-01
-9.173011536565730539e-01 8.772565927778452899e-01
-1.019104050986297638e+00 7.184946649119667850e-01
-5.510244396863309690e-01 3.892937977617484946e-01
-1.477033654887460079e+00 9.181981285264870785e-01
-1.150281798088795826e+00 6.998249352811952706e-01
6.895357874029713896e-01 9.663572349707637565e-01
4.371023339167156019e-01 9.364273516746852710e-01
3.414918975451061156e-01 7.632343885657163485e-01
2.454330652817081404e+00 4.314899299750515338e-01
1.624254145125115789e-01 1.030113032899609538e+00
-1.963377487444650571e+00 3.605102943839486596e-01
3.086995346727158029e+00 7.567535462882032382e-01
1.814907571129544817e+00 7.458623269620088259e-01
3.886543872109072262e-01 8.630327885769364382e-01
-2.204722979535667982e+00 3.027328410969195027e-01
-3.382477005506832612e-01 2.945425034464416170e-01
-9.298577682114911314e-01 1.854289064362489303e-01
-2.776368504966669981e+00 -2.456637903395744171e-01
-2.474760925346412677e+00 1.239306568296295180e-01
2.339118733228718328e-01 -2.965564998623786142e-02
-1.365364329009827737e-01 -5.469290340513981441e-01
-1.814312925709731794e-01 -1.248967550165328566e-01
1.111323768087089769e+00 -4.599210850303733222e-01
3.455976344953970991e-01 3.005580857653460392e-01
-8.447602340636363172e-01 -1.230820138758356719e-01
1.076905828863250925e+00 -6.216577985014526408e-01
1.257590887725532347e-01 -8.437047597862961101e-01
1.637886335221487188e+00 -4.686398526132389275e-01
-3.023432703953427003e-01 -8.709481787929678198e-01
2.619020120561033504e+00 -5.594176908402332948e-01
1.395843841171595878e+00 -7.415073257396175288e-01
1.255721538734010601e+00 -2.986745686295257940e-01
-1.618555896095845048e+00 -2.211933427213093051e-01
-8.949386307693263376e-02 -7.773828954856738527e-01
3.665894250206904736e-01 -3.751612738678530290e-01
1.203489687249419182e+00 -2.507100286899784369e-01
7.424576592445887302e-01 -6.691956204640274741e-01
-2.588889611086825582e+00 -3.402107060813125416e-01
4.111564293110741564e-01 -7.320879094863677050e-01
-2.870617050663791137e+00 -4.864367674709136335e-01
-4.982990425933140344e+00 -2.680923720228520213e-01
-7.413088828844378586e-01 -5.792417341035788203e-02
1.968231712901817587e-01 -4.221575325049920502e-01
-1.798209718908803101e+00 7.104654974904820453e-01
2.747161469688372382e+00 3.353589727628621953e-01
-1.541928260428939435e-01 4.810320540444001924e-01
-1.250402006864562043e+00 3.220990080810832712e-01
1.341724032502859432e+00 1.703332267671398004e-01
1.143897536962945605e+00 5.746680088232172245e-01
2.411466838969659465e-01 7.319017106761028790e-01
-1.078751535308423604e+00 8.869321404883576676e-01
4.388481295003062166e-01 7.243771695737051264e-01
-2.443755986290448157e-01 6.233521367552782300e-01
-4.845585978776457914e+00 6.672519405260305403e-01
-3.523213797053583174e-01 8.618105169499984397e-01
3.842952959316362715e+00 6.797427486956589826e-01
-3.421314755236389282e-01 9.806208150138397972e-01
-2.308588815112407655e+00 4.868876474030063295e-01
1.466491924508817934e+00 8.810181072668765712e-01
2.594729702602331378e-01 8.129375308881899853e-01
7.169952207144858480e-01 4.524041342207351102e-01
5.172378068403636897e-01 7.852338541846144437e-01
3.312341827863878763e+00 6.042670939928797003e-01
4.904341248572140488e-01 7.346189268736664779e-01
5.670670324785289651e-01 9.476941127234083107e-01
-1.520967523586108872e+00 3.715353821291189629e-02
1.067999619940829925e+00 6.763366791747943418e-01
-1.759673492030677799e-01 -3.206741541341849577e-02
4.606986691661696387e-01 3.844420584489499082e-01
1.242970141276438456e+00 1.624055408600547368e-01
1.967302454164678194e+00 2.346442963531576720e-01
-6.685518816505434669e-01 -3.750843014778665885e-01
-3.661877660767796083e+00 -1.275755173598887904e+00
-2.550769513751519391e+00 -6.356271056279888532e-01
-9.149174953435796898e-01 -8.145660639619114463e-01
-1.955660462230988772e+00 -8.150345879605336297e-01
9.544874106657731672e-02 -9.392066833005747739e-01
-3.874791405487198137e+00 -7.649684743947295917e-01
3.513040178583681783e-01 -3.107631595045991513e-01
-1.997536918768916925e+00 -1.220847113899675929e+00
-2.023441373868545945e+00 -6.362227735063209488e-01
1.671701200479853933e+00 -1.135363668652352276e+00
4.409809662236059413e-01 -2.561962858481488525e-01
1.533658601868223226e+00 -2.008268890299400034e-01
2.326449625489328099e+00 -6.090337364560697297e-01
1.042620198157093947e+00 -5.838669471029642732e-01
-5.029949416218756353e-01 -6.287265315873928895e-01
-2.891346736428002107e-01 -8.440074368551483408e-01
-2.236413301250375518e+00 -2.445894878124275917e-01
1.128552275415082073e+00 -7.186589739421398448e-01
3.221540645435625905e+00 2.658299500112426550e-03
-8.236908061800570779e-01 -5.007050364704148659e-01
-3.626881937780079834e+00 -2.632151293215859722e-01
-5.467544315677946853e-01 3.329270063612475156e-02
-1.829824426470779142e-01 1.543235548672866608e-02
-7.949148851051703879e-01 1.169126244279688753e-01
1.590861166701469154e+00 4.741308004371289631e-01
-1.845785551944714165e-01 7.330661405426763810e-02
-7.379375437157806861e-01 7.139010509621173117e-01
-3.992207844129438410e-01 5.383537439861432183e-01
3.629236904543493014e-01 7.587976875928776899e-01
-2.021418241083024814e+00 2.849999830418047386e-01
1.877391828775145211e+00 5.017288114373424923e-01
-1.584651333743049006e+00 1.083807985838304067e+00
-1.342428862058457684e+00 3.533764123060356144e-01
2.696406460124328719e-01 2.579616400700236456e-01
2.840689837191651135e-01 4.914910090765218786e-01
-3.425447553831285408e+00 6.072478509198073748e-01
3.653973825302283540e+00 6.370886542812039810e-01
2.149036400794421819e+00 3.329783517550771177e-01
-2.449050880732744684e+00 4.386750384480020415e-01
1.740478486096859456e-02 1.043941423254471701e+00
6.216251045502090705e-02 5.898634988387363443e-02
1.132836856018818450e+00 6.654749203891168197e-01
-6.220831881334895064e-01 -2.320988691253244030e-01
-3.326843130999486586e+00 3.821025630341893797e-01
1.045111525850528356e+00 -2.628507838094010785e-01
-2.878210127831529519e+00 2.736355942480889203e-01
-1.636509288217797842e+00 -4.045339983081662760e-01
6.599541963627765240e-01 -2.594197956525144955e-01
2.173419112088556537e-01 -3.460995292061246342e-01
-2.560396839839553795e+00 -5.008939289910283588e-01
-4.941417840657742033e+00 -1.074995007813550341e-01
2.788883092262546270e+00 -5.225356397453559953e-01
2.482546968501739559e-01 -4.991916666561970750e-01
-3.828844643771578404e-01 -4.150364556159722440e-01
-4.654484552499827288e+00 -8.749781355551222717e-02
8.948976456645025834e-01 -6.824272048645780853e-01
-1.476748014621660055e+00 -4.235914881819793365e-01
-5.420984729354071385e-01 -7.444541309313219557e-01
5.688149068025432076e-01 -6.937250987154819359e-01
5.507185229528722692e-01 -8.799138313164229785e-01
1.816494372476460395e+00 -9.241494815457800271e-01
3.464884558431115646e+00 -9.590206657469412255e-01
-3.162767251768170418e-01 -3.681035940757193536e-02
-9.559321200260250118e-01 -5.343725656884757980e-01
-9.815484948780467400e-01 -1.846180552282797316e-01
-1.734416881929518262e+00 -3.339786882608917207e-01
2.603385425838129930e+00 -1.847917014592092566e-01
-5.422623390780491048e-01 -4.184481315770643972e-01
1.463215214382924234e+00 -4.908885087783101953e-02
4.456625269261606515e-01 -2.549852599821827992e-01
-1.773014447992927733e+00 -3.504631349996029654e-01
3.557669528905564871e+00 5.510415304366919620e-02
-1.761365890302128756e+00 -2.010079643048088560e-01
-1.407708150869261932e+00 1.975730144482021888e-01
2.902815229874785019e-01 7.201038134921480816e-02
-8.960504423867697854e-01 5.314420228250958944e-01
-3.371580477105575596e-02 4.518267492010105135e-01
-3.487776148484719729e-01 5.806079263111338928e-01
-5.601420888769816919e-01 9.623554874966022687e-01
-4.373557913864731361e+00 5.566625141493258822e-01
4.711464539083577430e-01 4.042939458635766981e-01
3.386305783141826398e-01 9.306955854949254814e-01
-5.566155304818977065e-03 8.394927378373243654e-01
1.284006732093903591e-01 4.476267408083048349e-01
-4.711827870234909788e-01 1.104988401946776166e+00
2.362963023925123363e+00 6.503165169307544291e-01
3.117581226340620404e+00 8.240764655416500384e-01
-3.936318646026191193e+00 4.279530055341594919e-01
9.527505327161903681e-01 5.550402807445716791e-01
3.071207752681499592e+00 1.323383816797870094e-01
-3.253340734282706759e+00 7.866248516725309337e-01
-5.968140328573993958e-02 1.879440581171122338e-01
-1.228282082006386666e+00 5.561069116700149140e-01
-3.364553678180815854e+00 4.311116287182646944e-01
3.989997730673763510e+00 -1.657636903065123901e-02
-2.432525522690662356e+00 -2.589225230506543851e-01
3.069350947300381272e+00 2.056292969645269475e-02
2.947238178613493798e+00 3.875962691734541332e-03
-2.100717197326573693e+00 4.051627187922848816e-02
-8.636448736323193431e-01 -1.061739171652650304e-01
-7.361082969285401845e-01 -4.673127411859356872e-02
-1.289082181187185538e+00 -3.231204968032379554e-01
-6.227875444535247995e-01 4.980039430840343950e-02
2.671962739215552496e+00 -4.519976853725674593e-01
-1.475102268708805786e+00 -7.800871342678250553e-01
-1.204465709582131172e+00 -6.579317953290082510e-01
2.132751876909795730e+00 -9.739179954063729161e-01
2.090357955418097102e+00 -7.202221172079352751e-01
-3.409521571790555594e+00 -1.637449776447771344e-01
-4.558648015229874062e+00 -7.620946911850282612e-01
-1.214144929066935719e+00 -5.457624396617326568e-01
-5.278491188529972789e+00 -1.171639602360081245e+00
-6.374136651696691303e-01 -4.333914751810490906e-01
-2.610060675337777525e-01 -6.437061299700397310e-01
1.510807352732334907e+00 -9.396989847162610099e-01
8.132997849380795286e-01 -6.116258585928127101e-01
-3.547930248519060026e+00 8.609763988833973869e-02
-2.742680069283436328e+00 -2.625545819959322902e-01
-5.716946512843821271e-01 -3.264776932841184642e-01
-2.993406162649224989e+00 3.101352881263063077e-01
-2.475522830431741567e-03 2.521749070289897032e-01
3.580102835842195130e+00 -4.692565295913097567e-01
1.648134737711730580e+00 -2.122958900233129775e-01
1.061787488734891705e+00 7.272326481031592404e-01
-1.255573155356643378e+00 3.014262230483743532e-01
1.362249240948729900e+00 -2.111592483008165599e-01
-2.522959781630810250e-01 4.325566201500398167e-01
-7.113142762409550013e-01 6.180656435048617059e-01
-5.090512121849537497e-01 1.838709400047719988e-01
-1.422748077992086468e+00 6.055686638231763119e-01
9.966601297751186417e-01 3.116208992751343665e-01
-1.326605044037600489e+00 1.778103192092929108e-01
2.329041411389150884e+00 9.053149550400406698e-01
4.574555769458769738e+00 6.410701003007492904e-01
3.067374488146601963e-01 6.623627902231256082e-01
7.889649507774788573e-01 9.540479463842554964e-01
-1.297986017820107696e+00 1.004193867205418700e+00
-4.695619213592305136e-02 8.800882335915757304e-01
-1.725179805761983820e+00 -2.792740537831139847e-02
8.361752969848242900e-01 3.447957866794312265e-01
-8.183144019581063411e-01 7.804987878201867790e-01
9.127919755011075775e-01 1.088733401425325154e+00
3.115251782254946367e-01 5.982634972648044336e-01
1.908899932991503068e+00 1.905956351502047508e-01
2.776768879306318105e+00 3.683146791285263344e-01
3.933247103511364751e-01 8.953759396353455635e-02
3.678056277313389022e-01 1.164098802458184007e-01
-2.785855527310218793e+00 2.086044532310113997e-01
2.811248381175614597e+00 -2.079809953583703630e-01
-1.072992117776090604e+00 -4.841971890613125939e-01
-1.248572738330041343e+00 -2.415892582907520902e-01
-1.235840067650741059e+00 -4.601275668220635162e-01
-1.098666204109737254e+00 -4.921158002825259947e-01
-9.100426321727229928e-02 -6.264295114630098471e-01
3.318711067215958654e-01 -5.614621154434544792e-01
-4.222132040422294175e+00 -1.681549876369610175e-01
-2.495492519156564004e+00 -7.116655969520014891e-01
-6.644005525954911340e-01 -7.671760095869282203e-01
3.704388117599479169e-01 -3.040715936888659376e-01
2.064136545238486609e-01 -9.045394023304375031e-01
1.609253914903206129e+00 -5.655236483476766551e-01
-2.028088397941159915e+00 -6.156047082602077447e-01
-2.634896173022381882e-01 -3.359961972135647734e-01
2.284785625877401749e+00 -4.128114770442303794e-01
-9.420345751058949446e-01 7.295204259078325038e-02
6.083259638915062828e-01 -3.796839246669146406e-01
-2.040079553106678656e+00 -8.012046335156375321e-02
1.401423920991027972e+00 -3.448912999810133106e-01
2.273362557417669905e+00 -4.642428482836183923e-01
9.620743737315381461e-01 3.364252495104569363e-01
-2.743402297907944765e-01 -1.050251739833887310e-01
